672 845
488 845
706 845
1062 845
727 845
1142 845
686 845
1150 845
694 845
1147 845
707 845
1064 845
688 845
1070 845
716 845
1074 845
722 845
1120 845
696 845
1157 845
692 845
1090 845
772 845
1116 845
685 845
1081 845
740 845
1128 845
692 845
1078 845
729 845
1314 845
711 845
1138 845
716 845
1123 845
693 845
1062 845
692 845
427 845
699 845
1144 845
711 845
1062 845
694 845
1139 845
717 845
1124 845
694 845
1133 845
696 845
1138 845
698 845
1141 845
697 845
1571 845
695 845
1128 845
697 845
1130 845
758 845
1111 845
796 845
1106 845
788 845
1113 845
692 845
1126 845
690 845
1155 845
738 845
1098 845
694 845
1427 845
711 845
-29597 845
721 845
1353 845
720 845
1135 845
718 845
1149 845
677 845
1080 845
687 845
1147 845
690 845
1300 845
672 845
1247 845
-248 845
1051 845
133 845
994 845
524 845
1186 845
680 845
1078 845
685 845
1031 845
672 845
1099 845
683 845
1114 845
685 845
1081 845
700 845
1135 845
688 845
1061 845
697 845
1090 845
690 845
1171 845
709 845
1142 845
668 845
1195 845
688 845
1152 845
682 845
2176 845
722 845
1126 845
694 845
1126 845
692 845
1150 845
677 845
1116 845
691 845
1134 845
689 845
1121 845
682 845
1117 845
681 845
1117 845
687 845
1129 845
694 845
577 845
686 845
1142 845
663 845
1127 845
694 845
1119 845
626 845
1537 845
678 845
1144 845
675 845
1143 845
722 845
1276 845
682 845
694 845
726 845
1124 845
684 845
1141 845
654 845
24646 845
671 845
1110 845
788 845
1141 845
690 845
1068 845
701 845
9545 845
662 845
1160 845
648 845
1139 845
579 845
1139 845
673 845
1128 845
697 845
1114 845
638 845
1092 845
582 845
1089 845
661 845
1114 845
663 845
1132 845
668 845
1190 845
684 845
1287 845
716 845
1069 845
672 845
1112 845
710 845
-384 845
696 845
1125 845
691 845
1146 845
675 845
1144 845
692 845
1127 845
698 845
1156 845
715 845
1140 845
672 845
1116 845
664 845
1134 845
736 845
1133 845
331 845
1150 845
294 845
1111 845
617 845
1122 845
659 845
1135 845
694 845
1110 845
686 845
1128 845
689 845
1134 845
693 845
1133 845
570 845
1133 845
538 845
1138 845
675 845
1136 845
644 845
1138 845
706 845
1139 845
684 845
1137 845
658 845
1147 845
542 845
1152 845
495 845
1930 845
517 845
1134 845
678 845
1141 845
606 845
2960 845
749 845
1253 845
673 845
1092 845
16980 845
1101 845
2476 845
1147 845
668 845
1158 845
-1596 845
1642 845
1135 845
1125 845
744 845
-3199 845
714 845
1139 845
227 845
1815 845
595 845
1131 845
644 845
420 845
475 845
1988 845
367 845
1610 845
264 845
1053 845
196 845
1618 845
584 845
1670 845
563 845
1158 845
617 845
4350 845
583 845
1154 845
558 845
1152 845
632 845
2231 845
625 845
1156 845
481 845
-2291 845
240 845
559 845
612 845
746 845
747 845
1098 845
694 845
295 845
497 845
1419 845
186 845
1209 845
639 845
1095 845
618 845
1100 845
580 845
1143 845
714 845
1610 845
118 845
1373 845
574 845
1254 845
544 845
5197 845
436 845
1336 845
626 845
1462 845
289 845
1746 845
567 845
1263 845
444 845
1324 845
517 845
1392 845
571 845
1170 845
537 845
-7668 845
540 845
4017 845
334 845
1133 845
1094 845
1107 845
1179 845
1112 845
1049 845
1110 845
992 845
1110 845
1133 845
1069 845
1136 845
1109 845
1017 845
1103 845
4055 845
1109 845
617 845
1106 845
-574 845
1110 845
1108 845
1102 845
1525 845
1101 845
1818 845
1108 845
1942 845
1094 845
11090 845
1115 845
681 845
1108 845
442 845
1103 845
442 845
1103 845
1710 845
1103 845
1076 845
1103 845
4680 845
1817 845
-133 845
1212 845
-133 845
1212 845
-327 845
1867 845
273 845
1628 845
-191 845
1483 845
-411 845
1330 845
310 845
1245 845
125 845
1213 845
725 845
1921 845
1076 845
1930 845
-1385 845
2130 845
1216 845
1483 845
668 845
405 845
1664 845
3302 845
305 845
1510 845
93 845
2523 845
-2 845
1415 845
671 845
1138 845
526 845
1093 845
622 845
1464 845
532 845
4285 845
3 845
1125 845
269 845
1868 845
454 845
1065 845
669 845
1913 845
309 845
610 845
-271 845
4418 845
402 845
2871 845
654 845
1117 845
433 845
1721 845
139 845
1074 845
606 845
1158 845
666 845
508 845
-1626 845
2155 845
572 845
1596 845
43 845
1530 845
563 845
1236 845
295 845
2631 845
637 845
1314 845
614 845
1512 845
614 845
1512 845
1485 845
1053 845
1485 845
1053 845
1588 845
754 845
1957 845
1889 845
7405 845
1144 845
1571 845
1161 845
1489 845
1219 845
1276 845
1358 845
1954 845
1277 845
1540 845
1141 845
1819 845
1736 845
785 845
1136 845
742 845
1238 845
721 845
1629 845
739 845
1106 845
707 845
1115 845
655 845
1097 845
662 845
1107 845
623 845
1096 845
689 845
1106 845
627 845
294 845
274 845
1086 845
373 845
1080 845
-16 845
1077 845
-699 845
2629 845
265 845
1889 845
725 845
641 845
784 845
764 845
831 845
791 845
764 845
1417 845
771 845
969 845
743 845
980 845
766 845
727 845
762 845
356 845
800 845
1330 845
800 845
1112 845
803 845
1127 845
839 845
1125 845
668 845
1244 845
693 845
1122 845
455 845
1120 845
582 845
1119 845
663 845
1141 845
694 845
1138 845
681 845
1320 845
603 845
1119 845
656 845
1099 845
643 845
1106 845
653 845
1730 845
551 845
623 845
719 845
593 845
637 845
1105 845
605 845
553 845
593 845
15310 845
646 845
1116 845
539 845
476 845
593 845
1113 845
566 845
568 845
615 845
1124 845
485 845
520 845
620 845
572 845
650 845
1101 845
663 845
1101 845
583 845
208 845
628 845
511 845
623 845
678 845
647 845
1114 845
372 845
1107 845
630 845
1110 845
704 845
1122 845
627 845
1103 845
400 845
1135 845
1286 845
1350 845
677 845
2573 845
2121 845
1512 845
674 845
1146 845
-490 845
1138 845
659 845
1133 845
236 845
1142 845
164 845
1134 845
654 845
1129 845
380 845
1133 845
665 845
1142 845
140 845
-760 845
647 845
5889 845
11443 845
1797 845
446 845
586 845
673 845
1456 845
666 845
1146 845
695 845
1145 845
671 845
1136 845
1162 845
1145 845
-585 845
2048 845
665 845
1240 845
675 845
1601 845
126 845
445 845
-212 845
1054 845
708 845
1089 845
-262 845
634 845
498 845
1118 845
299 845
1112 845
328 845
1112 845
331 845
1105 845
585 845
1100 845
618 845
2434 845
515 845
242 845
505 845
581 845
350 845
-115 845
471 845
3913 845
471 845
3913 845
446 845
1119 845
643 845
1191 845
652 845
1141 845
652 845
1141 845
678 845
1132 845
557 845
500 845
532 845
1318 845
532 845
1318 845
613 845
1100 845
564 845
1100 845
678 845
1103 845
656 845
1108 845
214 845
1095 845
1769 845
1099 845
1301 845
1099 845
1079 845
1111 845
679 845
1135 845
-2049 845
1118 845
679 845
1125 845
425 845
1145 845
425 845
1145 845
351 845
1060 845
677 845
1560 845
607 845
1801 845
662 845
1126 845
667 845
1316 845
654 845
992 845
656 845
1548 845
653 845
1015 845
668 845
1860 845
658 845
885 845
666 845
1273 845
657 845
1244 845
662 845
1755 845
665 845
2041 845
667 845
1180 845
667 845
1184 845
658 845
2085 845
663 845
1280 845
652 845
1119 845
667 845
838 845
648 845
1181 845
670 845
955 845
661 845
956 845
669 845
1248 845
647 845
802 845
656 845
1841 845
651 845
713 845
660 845
1831 845
670 845
2224 845
661 845
1990 845
657 845
1246 845
663 845
1360 845
663 845
1360 845
657 845
1876 845
641 845
1794 845
666 845
1237 845
660 845
1060 845
658 845
1770 845
647 845
923 845
653 845
1053 845
638 845
1306 845
672 845
1083 845
659 845
1245 845
621 845
1344 845
635 845
1174 845
673 845
806 845
645 845
1185 845
621 845
1745 845
635 845
1740 845
648 845
-4030 845
660 845
1743 845
656 845
866 845
647 845
1773 845
661 845
1710 845
657 845
1339 845
645 845
1407 845
659 845
1897 845
600 845
1073 845
659 845
1076 845
645 845
927 845
659 845
1011 845
641 845
2036 845
675 845
942 845
696 845
1148 845
710 845
928 845
692 845
994 845
675 845
1129 845
676 845
760 845
683 845
3552 845
-1111 845
-4472 845
690 845
2440 845
1301 845
1627 845
3196 845
1190 845
1111 845
1157 845
-1974 845
1155 845
711 845
822 845
528 845
1173 845
748 845
830 845
686 845
1157 845
752 845
1080 845
713 845
1059 845
639 845
1543 845
549 845
994 845
599 845
1428 845
758 845
451 845
465 845
1102 845
360 845
1156 845
360 845
1156 845
750 845
-151 845
755 845
992 845
667 845
1156 845
693 845
1178 845
796 845
1106 845
612 845
1155 845
733 845
1025 845
684 845
850 845
736 845
1135 845
696 845
137 845
731 845
1163 845
-3203 845
1074 845
682 845
684 845
1166 966
1109 966
1214 966
1135 966
1219 966
1125 966
1228 966
1107 966
1187 966
1149 966
1237 966
1148 966
1215 966
1140 966
1222 966
1167 966
1298 966
1144 966
1212 966
1110 966
1328 966
1080 966
1255 966
1132 966
1217 966
1145 966
1275 966
1121 966
1178 966
1180 966
1223 966
1137 966
1230 966
1151 966
-328 966
1191 966
-972 966
1048 966
1261 966
1247 966
1248 966
1158 966
1213 966
1231 966
1178 966
1077 966
1209 966
1049 966
1257 966
1142 966
1262 966
1129 966
1184 966
1187 966
1224 966
1126 966
1212 966
1141 966
1227 966
1123 966
1203 966
1158 966
1273 966
1129 966
1224 966
1188 966
1217 966
1160 966
1336 966
1123 966
1183 966
1223 966
1246 966
1080 966
1208 966
1175 966
1204 966
1179 966
1249 966
1186 966
1225 966
1225 966
1252 966
1143 966
1209 966
1014 966
1177 966
1086 966
1217 966
1147 966
1208 966
1289 966
1197 966
1129 966
1267 966
1184 966
1224 966
1131 966
1262 966
1031 966
1223 966
1157 966
1228 966
1174 966
1356 966
896 966
114 966
1066 966
114 966
1066 966
-4863 966
1221 966
800 966
1469 966
1265 966
1338 966
1143 966
1213 966
1195 966
1351 966
1060 966
1282 966
1137 966
1265 966
-1306 966
1460 966
714 966
1339 966
684 966
1259 966
666 966
1158 966
1266 966
1303 966
469 966
1249 966
-1666 966
1313 966
1225 966
1339 966
1339 966
1339 966
1097 966
1324 966
661 966
1300 966
566 966
1353 966
753 966
1238 966
1222 966
1571 966
1156 966
1055 966
1051 966
1140 966
21459 966
1076 966
1168 966
1192 966
1513 966
1396 966
1439 966
1430 966
892 966
1410 966
1505 966
1406 966
1304 966
1375 966
710 966
1336 966
1385 966
1359 966
1380 966
1370 966
1976 966
1361 966
643 966
1358 966
637 966
1324 966
1310 966
1328 966
403 966
1382 966
660 966
1341 966
1407 966
1179 966
738 966
1514 966
811 966
1071 966
691 966
1182 966
715 966
1182 966
714 966
1182 966
714 966
1182 966
720 966
1196 966
728 966
1191 966
727 966
1187 966
722 966
1174 966
722 966
1183 966
712 966
1186 966
703 966
1188 966
700 966
1193 966
705 966
1199 966
705 966
1223 966
651 966
1138 966
-2280 966
1058 966
698 966
1276 966
1264 966
1160 966
119 966
886 966
675 966
1193 966
655 966
1206 966
682 966
1198 966
658 966
1199 966
658 966
1199 966
673 966
1204 966
661 966
1212 966
666 966
1214 966
667 966
1222 966
679 966
1217 966
654 966
1236 966
669 966
1257 966
666 966
1265 966
659 966
1262 966
651 966
1232 966
660 966
1244 966
5712 966
1244 966
657 966
1235 966
648 966
1232 966
2386 966
1228 966
658 966
1239 966
669 966
1254 966
660 966
1269 966
668 966
1288 966
686 966
1283 966
696 966
1304 966
683 966
1304 966
696 966
1290 966
693 966
1302 966
685 966
1299 966
683 966
1293 966
679 966
1299 966
674 966
1293 966
674 966
1293 966
667 966
1308 966
664 966
1294 966
2133 966
1269 966
653 966
1305 966
648 966
1234 966
644 966
1205 966
646 966
1203 966
653 966
1213 966
655 966
1215 966
660 966
1214 966
653 966
1226 966
651 966
1217 966
640 966
1215 966
649 966
1204 966
636 966
1199 966
638 966
1209 966
645 966
1211 966
633 966
1203 966
676 966
1129 966
676 966
1174 966
675 966
1169 966
682 966
1184 966
678 966
1175 966
675 966
1161 966
662 966
1080 966
2649 966
1195 966
672 966
1060 966
1283 966
1230 966
682 966
1143 966
561 966
1252 966
1703 966
1515 966
1372 966
1234 966
1053 966
1214 966
1271 966
1127 966
1441 966
1264 966
1342 966
1158 966
1246 966
1010 966
1200 966
1367 966
743 966
1265 966
688 966
1171 966
732 966
1192 966
717 966
1138 966
865 966
1200 966
725 966
1169 966
660 966
1425 966
727 966
1111 966
731 966
2625 966
720 966
1399 966
743 966
1315 966
742 966
1409 966
1196 966
1327 966
807 966
1308 966
1203 966
1618 966
544 966
1719 966
801 966
1294 966
762 966
1188 966
703 966
1315 966
8256 966
4475 966
2126 966
1156 966
19 966
1194 966
19 966
1194 966
771 966
1247 966
659 966
1256 966
653 966
1378 966
653 966
1378 966
1283 966
1392 966
-1409 966
1346 966
1214 966
1255 966
1451 966
1311 966
1340 966
1280 966
759 966
1233 966
513 966
1375 966
1660 966
1329 966
697 966
1259 966
656 966
1295 966
645 966
1279 966
