814 825.01144 825.0814 825.01145 825.0811 825.01142 825.0811 825.01145 825.0810 825.01144 825.0812 825.01144 825.0810 825.01142 825.0809 825.01144 825.0809 825.01141 825.0810 825.01144 825.0813 825.01140 825.0815 825.01139 825.0818 825.01139 825.0814 825.01142 825.0813 825.01143 825.0815 825.01141 825.0814 825.0
1144 825.0814 825.0
1145 825.0811 825.0
1142 825.0811 825.0
1145 825.0810 825.0
1144 825.0812 825.0
1144 825.0810 825.0
1142 825.0809 825.0
1144 825.0809 825.0
1141 825.0810 825.0
1144 825.0813 825.0
1140 825.0815 825.0
1139 825.0818 825.0
1139 825.0814 825.0
1142 825.0813 825.0
1143 825.0815 825.0
1141 825.0812 825.0
1144 825.0811 825.0
1147 825.0811 825.0
1144 825.0816 825.0
1144 825.0812 825.0
1147 825.0814 825.0
1144 825.0
814 825.0
1145 825.0
811 825.0
1142 825.0
811 825.0
1145 825.0
810 825.0
1144 825.0
812 825.0
1144 825.0
810 825.0
1142 825.0
809 825.0
1144 825.0
809 825.0
1141 825.0
810 825.0
1144 825.0
813 825.0
1140 825.0
815 825.0
1139 825.0
818 825.0
1139 825.0
814 825
1144 825
814 825
1145 825
811 825
1142 825
811 825
1145 825
810 825
1144 825
812 825
1144 825
810 825
1142 825
809 825
1144 825
809 825
1141 825
810 825
1144 825
813 825
1140 825
815 825
1139 825
818 825
1139 825
814 825
1142 825
813 825
1143 825
815 825
1141 825
812 825
1144 825
811 825
1147 825
811 825
1144 825
816 825
1144 825
812 825
1147 825
813 825
1147 825
812 825
1148 825
816 825
1146 825
815 825
1148 825
814 825
1148 825
813 825
1149 825
818 825
1152 825
817 825
1152 825
818 825
1153 825
817 825
1151 825
821 825
1158 825
819 825
1158 825
820 825
1162 825
823 825
1157 825
825 825
1162 825
823 825
1160 825
828 825
1161 825
825 825
1173 825
830 825
1174 825
830 825
1178 825
830 825
1181 825
832 825
1185 825
836 825
1188 825
833 825
1185 825
828 825
1188 825
831 825
1185 825
838 825
1185 825
832 825
1188 825
834 825
1185 825
834 825
1185 825
837 825
1186 825
835 825
1186 825
833 825
1187 825
833 825
1190 825
833 825
1184 825
833 825
1186 825
833 825
1185 825
831 825
1185 825
831 825
1180 825
340 825
1184 825
831 825
1179 825
826 825
1183 825
824 825
1184 825
822 825
1183 825
823 825
1180 825
824 825
1173 825
820 825
1174 825
817 825
1171 825
815 825
1171 825
805 825
1170 825
800 825
1167 825
807 825
1166 825
810 825
1164 825
810 825
1163 825
803 825
1163 825
1244 825
1153 825
807 825
1159 825
805 825
1160 825
803 825
1149 825
794 825
1154 825
799 825
1146 825
797 825
1140 825
798 825
1153 825
794 825
1142 825
796 825
1146 825
791 825
1155 825
790 825
1139 825
790 825
1149 825
786 825
1141 825
787 825
1133 825
786 825
1140 825
785 825
1139 825
790 825
1129 825
788 825
1133 825
789 825
1139 825
786 825
1129 825
787 825
1128 825
786 825
1137 825
786 825
1123 825
783 825
1122 825
783 825
1123 825
782 825
1131 825
783 825
1126 825
779 825
1126 825
780 825
1125 825
778 825
1123 825
776 825
1118 825
776 825
1131 825
777 825
1125 825
779 825
1138 825
775 825
1129 825
795 825
1122 825
778 825
1123 825
777 825
1119 825
778 825
1121 825
777 825
1775 825
803 825
1115 825
779 825
1123 825
775 825
1133 825
778 825
1124 825
773 825
1124 825
775 825
1132 825
775 825
1130 825
773 825
1125 825
780 825
1131 825
776 825
1125 825
778 825
1136 825
780 825
1134 825
779 825
1133 825
775 825
1122 825
777 825
1141 825
778 825
1130 825
777 825
1129 825
776 825
1135 825
779 825
1131 825
782 825
1142 825
780 825
1134 825
782 825
1128 825
784 825
1129 825
779 825
1132 825
782 825
1132 825
780 825
1133 825
779 825
1124 825
780 825
1129 825
775 825
1130 825
780 825
1133 825
774 825
1135 825
776 825
1128 825
779 825
1126 825
776 825
1133 825
776 825
1126 825
777 825
1132 825
778 825
1136 825
779 825
1134 825
778 825
1128 825
780 825
1139 825
779 825
1131 825
784 825
1145 825
782 825
1133 825
780 825
1136 825
783 825
1138 825
784 825
1134 825
782 825
1136 825
787 825
1137 825
782 825
1129 825
782 825
1135 825
779 825
1138 825
782 825
1134 825
779 825
1133 825
781 825
1124 825
778 825
1132 825
777 825
1138 825
775 825
1135 825
773 825
1125 825
771 825
1132 825
771 825
1129 825
766 825
1120 825
764 825
1125 825
762 825
1127 825
757 825
1122 825
760 825
1119 825
756 825
1116 825
754 825
1122 825
754 825
1132 825
756 825
1113 825
753 825
1111 825
752 825
1128 825
754 825
1108 825
755 825
1128 825
760 825
1115 825
759 825
1103 825
758 825
1117 825
757 825
1111 825
762 825
1111 825
763 825
1124 825
767 825
1132 825
768 825
1118 825
772 825
1130 825
769 825
1117 825
773 825
1120 825
774 825
1124 825
774 825
1108 825
780 825
1139 825
784 825
1130 825
785 825
1115 825
790 825
1110 825
789 825
1134 825
789 825
1137 825
790 825
1140 825
787 825
1139 825
792 825
1149 825
790 825
1148 825
793 825
1141 825
793 825
1153 825
795 825
1146 825
799 825
1144 825
798 825
1142 825
798 825
1146 825
796 825
1146 825
795 825
1156 825
799 825
1149 825
797 825
1157 825
800 825
1153 825
802 825
1156 825
805 825
1153 825
804 825
1150 825
804 825
1146 825
803 825
1158 825
803 825
1157 825
804 825
1158 825
803 825
1157 825
807 825
1149 825
807 825
1155 825
807 825
1152 825
814 825
1154 825
812 825
1152 825
810 825
1157 825
809 825
898 825
811 825
1160 825
809 825
1152 825
809 825
1153 825
810 825
1156 825
814 825
1160 825
812 825
1150 825
813 825
1158 825
808 825
1166 825
809 825
1164 825
806 825
1162 825
807 825
1163 825
812 825
1156 825
806 825
1158 825
813 825
1154 825
807 825
1153 825
807 825
1164 825
807 825
1164 825
800 825
1157 825
801 825
1156 825
796 825
1158 825
798 825
1157 825
798 825
1157 825
797 825
1153 825
798 825
1151 825
796 825
1142 825
792 825
1148 825
789 825
1148 825
787 825
1146 825
787 825
1146 825
783 825
1144 825
784 825
1137 825
793 825
1136 825
781 825
1136 825
776 825
1128 825
776 825
1141 825
768 825
1131 825
767 825
1131 825
759 825
1129 825
763 825
1115 825
760 825
1129 825
756 825
1119 825
763 825
1107 825
753 825
1104 825
747 825
1099 825
741 825
1118 825
733 825
1101 825
745 825
1110 825
725 825
1108 825
722 825
1102 825
719 825
1094 825
716 825
1089 825
713 825
1083 825
707 825
1077 825
702 825
2045 825
690 825
4639 825
694 825
1063 825
814 825
1144 825
814 825
1145 825
811 825
1142 825
811 825
1145 825
810 825
1144 825
812 825
1144 825
810 825
1142 825
809 825
1144 825
809 825
1141 825
810 825
1144 825
813 825
1140 825
815 825
1139 825
818 825
1139 825
814 825
1142 825
813 825
1143 825
815 825
1141 825
812 825
1144 825
811 825
1147 825
811 825
1144 825
816 825
1144 825
812 825
1147 825
813 825
1147 825
812 825
1148 825
816 825
1146 825
815 825
1148 825
814 825
1148 825
813 825
1149 825
818 825
1152 825
817 825
1152 825
818 825
1153 825
817 825
1151 825
821 825
1158 825
819 825
1158 825
820 825
1162 825
823 825
1157 825
825 825
1162 825
823 825
1160 825
828 825
1161 825
825 825
1173 825
830 825
1174 825
830 825
1178 825
830 825
1181 825
832 825
1185 825
836 825
1188 825
833 825
1185 825
828 825
1188 825
831 825
1185 825
838 825
1185 825
832 825
1188 825
834 825
1185 825
834 825
1185 825
837 825
1186 825
835 825
1186 825
833 825
1187 825
833 825
1190 825
833 825
1184 825
833 825
1186 825
833 825
1185 825
831 825
1185 825
831 825
1180 825
340 825
1184 825
831 825
1179 825
826 825
1183 825
824 825
1184 825
822 825
1183 825
823 825
1180 825
824 825
1173 825
820 825
1174 825
817 825
1171 825
815 825
1171 825
805 825
1170 825
800 825
1167 825
807 825
1166 825
810 825
1164 825
810 825
1163 825
803 825
1163 825
1244 825
1153 825
807 825
1159 825
805 825
1160 825
803 825
1149 825
794 825
1154 825
799 825
1146 825
797 825
1140 825
798 825
1153 825
794 825
1142 825
796 825
1146 825
791 825
1155 825
790 825
1139 825
790 825
1149 825
786 825
1141 825
787 825
1133 825
786 825
1140 825
785 825
1139 825
790 825
1129 825
788 825
1133 825
789 825
1139 825
786 825
1129 825
787 825
1128 825
786 825
1137 825
786 825
1123 825
783 825
1122 825
783 825
1123 825
782 825
1131 825
783 825
1126 825
779 825
1126 825
780 825
1125 825
778 825
1123 825
776 825
1118 825
776 825
1131 825
777 825
1125 825
779 825
1138 825
775 825
1129 825
795 825
1122 825
778 825
1123 825
777 825
1119 825
778 825
1121 825
777 825
1775 825
803 825
1115 825
779 825
1123 825
775 825
1133 825
778 825
1124 825
814 825
1144 825
814 825
1145 825
811 825
1142 825
811 825
1145 825
810 825
1144 825
812 825
1144 825
810 825
1142 825
809 825
1144 825
809 825
1141 825
810 825
1144 825
813 825
1140 825
815 825
1139 825
818 825
1139 825
814 825
1142 825
813 825
1143 825
815 825
1141 825
812 825
1144 825
811 825
1147 825
811 825
1144 825
816 825
1144 825
812 825
1147 825
813 825
1147 825
812 825
1148 825
816 825
1146 825
815 825
1148 825
814 825
1148 825
813 825
1149 825
818 825
1152 825
817 825
1152 825
818 825
1153 825
817 825
1151 825
821 825
1158 825
819 825
1158 825
820 825
1162 825
823 825
1157 825
825 825
1162 825
823 825
1160 825
828 825
1161 825
825 825
1173 825
830 825
1174 825
830 825
1178 825
830 825
1181 825
832 825
1185 825
836 825
1188 825
833 825
1185 825
828 825
1188 825
831 825
1185 825
838 825
1185 825
832 825
1188 825
834 825
1185 825
834 825
1185 825
837 825
1186 825
835 825
1186 825
833 825
1187 825
833 825
1190 825
833 825
1184 825
833 825
1186 825
833 825
1185 825
831 825
1185 825
831 825
1180 825
340 825
1184 825
831 825
1179 825
826 825
1183 825
824 825
1184 825
822 825
1183 825
823 825
1180 825
824 825
1173 825
820 825
1174 825
817 825
1171 825
815 825
1171 825
805 825
1170 825
800 825
1167 825
807 825
1166 825
810 825
1164 825
810 825
1163 825
803 825
1163 825
1244 825
1153 825
807 825
1159 825
805 825
1160 825
803 825
1149 825
794 825
1154 825
799 825
1146 825
797 825
1140 825
798 825
1153 825
794 825
1142 825
796 825
1146 825
791 825
1155 825
790 825
1139 825
790 825
1149 825
786 825
1141 825
787 825
1133 825
786 825
1140 825
785 825
1139 825
790 825
1129 825
788 825
1133 825
789 825
1139 825
786 825
1129 825
787 825
1128 825
786 825
1137 825
786 825
1123 825
783 825
1122 825
783 825
1123 825
782 825
1131 825
783 825
1126 825
779 825
1126 825
780 825
1125 825
778 825
1123 825
776 825
1118 825
776 825
1131 825
777 825
1125 825
779 825
1138 825
775 825
1129 825
795 825
1122 825
778 825
1123 825
777 825
1119 825
778 825
1121 825
777 825
1775 825
803 825
1115 825
779 825
1123 825
775 825
1133 825
778 825
1124 825
773 825
1124 825
775 825
1132 825
775 825
1130 825
773 825
1125 825
780 825
1131 825
776 825
1125 825
778 825
1136 825
780 825
1134 825
779 825
1133 825
775 825
1122 825
777 825
1141 825
778 825
1130 825
777 825
1129 825
776 825
1135 825
779 825
1131 825
782 825
1142 825
780 825
1134 825
782 825
1128 825
784 825
1129 825
779 825
1132 825
782 825
1132 825
780 825
1133 825
779 825
1124 825
780 825
1129 825
775 825
1130 825
780 825
1133 825
774 825
1135 825
776 825
1128 825
779 825
1126 825
776 825
1133 825
776 825
1126 825
777 825
1132 825
778 825
1136 825
779 825
1134 825
778 825
1128 825
780 825
1139 825
779 825
1131 825
784 825
1145 825
782 825
1133 825
780 825
1136 825
783 825
1138 825
784 825
1134 825
782 825
1136 825
787 825
1137 825
782 825
1129 825
782 825
1135 825
779 825
1138 825
782 825
1134 825
779 825
1133 825
781 825
1124 825
778 825
1132 825
777 825
1138 825
775 825
1135 825
773 825
1125 825
771 825
1132 825
771 825
1129 825
766 825
1120 825
764 825
1125 825
762 825
1127 825
757 825
1122 825
760 825
1119 825
756 825
1116 825
754 825
1122 825
754 825
1132 825
756 825
1113 825
753 825
1111 825
752 825
1128 825
754 825
1108 825
755 825
1128 825
760 825
1115 825
759 825
1103 825
758 825
1117 825
757 825
1111 825
762 825
1111 825
763 825
1124 825
767 825
1132 825
768 825
1118 825
772 825
1130 825
769 825
1117 825
773 825
1120 825
774 825
1124 825
774 825
1108 825
780 825
1139 825
784 825
1130 825
785 825
1115 825
790 825
1110 825
789 825
1134 825
789 825
1137 825
790 825
1140 825
787 825
1139 825
792 825
1149 825
790 825
1148 825
793 825
1141 825
793 825
1153 825
795 825
1146 825
799 825
1144 825
798 825
1142 825
798 825
1146 825
796 825
1146 825
795 825
1156 825
799 825
1149 825
797 825
1157 825
800 825
1153 825
802 825
1156 825
805 825
1153 825
804 825
1150 825
804 825
1146 825
803 825
1158 825
803 825
1157 825
804 825
1158 825
803 825
1157 825
807 825
1149 825
807 825
1155 825
807 825
1152 825
814 825
1154 825
812 825
1152 825
810 825
1157 825
809 825
898 825
811 825
1160 825
809 825
1152 825
809 825
1153 825
810 825
1156 825
814 825
1160 825
812 825
1150 825
813 825
1158 825
808 825
1166 825
809 825
1164 825
806 825
1162 825
807 825
1163 825
812 825
1156 825
806 825
1158 825
813 825
1154 825
807 825
1153 825
807 825
1164 825
807 825
1164 825
800 825
1157 825
801 825
1156 825
796 825
1158 825
798 825
1157 825
798 825
1157 825
797 825
1153 825
798 825
1151 825
796 825
1142 825
792 825
1148 825
789 825
1148 825
787 825
1146 825
787 825
1146 825
783 825
1144 825
784 825
1137 825
793 825
1136 825
781 825
1136 825
776 825
1128 825
776 825
1141 825
768 825
1131 825
767 825
1131 825
759 825
1129 825
763 825
1115 825
760 825
1129 825
756 825
1119 825
763 825
1107 825
753 825
1104 825
747 825
1099 825
741 825
1118 825
733 825
1101 825
745 825
1110 825
725 825
1108 825
722 825
1102 825
719 825
1094 825
716 825
1089 825
713 825
1083 825
707 825
1077 825
702 825
2045 825
690 825
4639 825
694 825
1063 825
814 825
1144 825
814 825
1144 825
814 825
1144 825
814 825
1144 825
814 825
1145 825
811 825
1142 825
811 825
1145 825
810 825
1144 825
812 825
1144 825
810 825
1142 825
809 825
1144 825
809 825
1141 825
810 825
1144 825
813 825
1140 825
815 825
1139 825
818 825
1139 825
814 825
1142 825
813 825
1143 825
815 825
1141 825
812 825
1144 825
811 825
1147 825
811 825
1144 825
816 825
1144 825
812 825
1147 825
814 825
1144 825
814 825
1145 825
811 825
1142 825
811 825
1145 825
810 825
1144 825
812 825
1144 825
810 825
1142 825
809 825
1144 825
809 825
1141 825
810 825
1144 825
813 825
1140 825
815 825
1139 825
818 825
1139 825
814 825
1142 825
813 825
1143 825
815 825
1141 825
812 825
1144 825
811 825
1147 825
811 825
1144 825
816 825
1144 825
812 825
1147 825
813 825
1147 825
812 825
1148 825
816 825
1146 825
675 800
827 800
679 800
1956 800
678 800
1192 800
674 800
1184 800
672 800
1180 800
574 800
1183 800
-440 800
1183 800
612 800
1069 800
119 800
1085 800
826 800
1222 800
148 800
1076 800
436 800
1208 800
628 800
1211 800
458 800
1224 800
629 800
1222 800
675 800
827 800
679 800
1956 800
678 800
1192 800
674 800
1184 800
672 800
1180 800
574 800
1183 800
-440 800
1183 800
612 800
1069 800
119 800
1085 800
826 800
1222 800
148 800
1076 800
436 800
1208 800
628 800
1211 800
458 800
1224 800
629 800
1222 800
1754 854
-529 854
866 854
2647 854
1196 854
2015 854
861 854
2519 854
1019 854
2509 854
862 854
2905 854
881 854
2015 854
864 854
2015 854
857 854
1124 854
856 854
1098 854
856 854
1248 854
866 854
816 854
710 854
1124 854
846 854
1332 854
834 854
1106 854
-3162 854
1154 854
-3162 854
1154 854
-3162 854
1154 854
-2537 840
1132 840
1085 840
1118 840
4517 840
1700 840
2970 840
1121 840
2635 840
4612 840
12788 840
1116 840
531 840
1111 840
553 840
1116 840
458 840
684 840
657 840
7445 840
676 840
2263 840
673 840
2330 840
541 840
1104 840
667 840
2216 840
668 840
777 840
459 840
3953 840
368 840
763 840
705 840
1141 840
-1163 840
1101 840
440 840
1098 840
141 840
1097 840
-4137 840
1136 840
1086 840
1118 840
2876 840
1119 840
4247 840
1119 840
469 840
1190 840
3302 840
171 840
30284 840
-8786 840
8496 840
11339 840
3821 840
-1023 840
-10737 840
1179 840
3077 840
989 840
-289 840
561 840
-5522 840
907 840
1197 840
1019 840
939 840
907 840
671 840
467 840
677 840
1069 840
911 840
455 840
1569 840
897 840
682 840
838 840
874 840
761 840
672 840
-521 840
670 840
692 840
630 840
1051 840
622 840
815 840
765 840
1075 840
1180 840
995 840
659 840
799 840
758 840
414 840
1091 840
896 840
3708 840
872 840
1113 840
450 840
1638 840
-10083 840
962 840
689 840
1600 840
1012 840
934 840
235 840
926 840
372 840
1547 840
431 840
1638 840
1100 840
950 840
471 840
959 840
555 840
1964 840
749 840
945 840
1001 840
4444 840
521 840
1567 840
1013 840
893 840
515 840
1997 840
216 840
1726 840
557 840
914 840
642 840
2997 840
313 840
1778 840
623 840
859 840
1181 840
621 840
1126 840
776 840
1155 840
915 840
1204 840
3395 840
752 840
880 840
763 840
900 840
1066 840
647 840
1060 840
1781 840
1000 840
680 840
-1291 840
1169 840
1021 840
661 840
557 840
667 840
-1881 840
669 840
404 840
632 840
-143 840
666 840
485 840
659 840
562 840
967 840
510 840
-28177 840
1243 840
646 840
675 840
622 840
958 840
1814 840
477 840
652 840
509 840
653 840
179 840
656 840
1064 840
1386 840
738 840
1335 840
1053 840
1508 840
-3336 840
646 840
1012 840
664 840
269 840
682 840
643 840
1106 840
480 840
647 840
591 840
2112 840
1125 840
1994 840
873 840
674 840
-3003 840
976 840
402 840
1528 840
456 840
2396 840
384 840
628 840
1013 840
637 840
1098 840
920 840
772 840
643 840
928 840
1339 840
562 840
604 840
843 840
604 840
376 840
618 840
520 840
1607 840
483 840
1596 840
486 840
614 840
1076 840
626 840
674 840
1633 840
644 840
890 840
980 840
864 840
504 840
942 840
804 840
656 840
1283 840
1510 840
580 840
1702 840
1052 840
923 840
400 840
658 840
983 840
661 840
903 840
674 840
503 840
1468 840
139 840
1187 840
424 840
1665 840
968 840
668 840
488 840
671 840
1019 840
35730 840
447 840
1567 840
1157 840
1193 840
1251 840
1607 840
18 840
1593 840
742 840
1456 840
412 840
955 840
894 840
654 840
1051 840
669 840
1295 840
973 840
792 840
1698 840
1089 840
1125 840
-802 840
1419 840
1039 840
671 840
543 840
776 840
1023 840
795 840
543 840
665 840
759 840
682 840
510 840
1556 840
-2421 840
722 840
365 840
304 840
-2119 840
683 840
956 840
2691 840
593 840
1811 840
178 840
1626 840
431 840
1743 840
1048 840
1318 840
1207 840
5223 840
-682 840
1585 840
780 840
2545 840
1116 840
1451 840
209 840
1848 840
439 840
1349 840
515 840
672 840
590 840
1279 840
933 840
950 840
-1947 840
964 840
-1093 840
1452 840
550 840
675 840
1315 840
760 840
512 840
1890 840
903 840
677 840
710 840
684 840
401 840
966 840
-1468 840
940 840
422 840
678 840
270 840
683 840
617 840
827 840
453 840
1788 840
1287 840
1776 840
435 840
1141 840
398 840
1738 840
1304 840
1555 840
242 840
3418 840
504 840
798 840
446 840
7162 840
393 840
646 840
-227 840
1775 840
1290 840
1777 840
432 840
900 840
405 840
641 840
-1931 840
723 840
2592 840
720 840
1130 840
6015 840
1954 840
717 840
1130 840
431 840
1822 840
723 840
1570 840
433 840
1344 840
713 840
1342 840
722 840
1257 840
690 840
1249 840
697 840
1257 840
1102 840
1237 840
710 840
1246 840
5087 840
1437 840
714 840
1407 840
708 840
1818 840
-2471 840
1595 840
-303 840
1161 840
573 840
1363 840
564 840
1294 840
1422 840
1254 840
9027 840
1235 840
1223 840
1199 840
727 840
1227 840
698 840
1209 840
1660 840
1189 840
1109 840
2590 840
1206 840
1523 840
-35521 840
1660 840
491 840
1462 840
496 840
1362 840
-4156 840
1400 840
-268 840
2769 840
1799 840
1282 840
-650 840
1259 840
638 840
1180 840
669 840
1201 840
656 840
1217 840
649 840
1174 840
666 840
1246 840
720 845
1133 845
714 845
1138 845
717 845
1139 845
712 845
1139 845
709 845
1135 845
717 845
1130 845
712 845
1127 845
708 845
1132 845
710 845
1126 845
710 845
1124 845
710 845
1123 845
710 845
1119 845
705 845
1126 845
704 845
1120 845
707 845
1108 845
701 845
1117 845
695 845
1124 845
694 845
1123 845
698 845
1120 845
699 845
1121 845
697 845
1127 845
704 845
1111 845
714 845
1113 845
697 845
1127 845
697 845
1121 845
699 845
1114 845
695 845
1128 845
694 845
1127 845
619 845
1083 845
612 845
1199 845
658 845
1151 845
658 845
1642 845
661 845
1140 845
671 845
1133 845
679 845
1100 845
679 845
1086 845
681 845
1093 845
678 845
1110 845
688 845
1113 845
688 845
1101 845
720 845
1133 845
714 845
1138 845
717 845
1139 845
712 845
1139 845
709 845
1135 845
717 845
1130 845
712 845
1127 845
708 845
1132 845
710 845
1126 845
710 845
1124 845
710 845
1123 845
710 845
1119 845
705 845
1126 845
704 845
1120 845
707 845
1108 845
701 845
1117 845
695 845
1124 845
694 845
1123 845
698 845
1120 845
699 845
1121 845
697 845
1127 845
704 845
1111 845
714 845
1113 845
697 845
1127 845
697 845
1121 845
699 845
1114 845
695 845
1128 845
694 845
1127 845
619 845
1083 845
612 845
1199 845
658 845
1151 845
658 845
1642 845
661 845
1140 845
671 845
1133 845
679 845
1100 845
679 845
1086 845
681 845
1093 845
678 845
1110 845
688 845
1113 845
688 845
1101 845
720 845
1133 845
714 845
1138 845
717 845
1139 845
712 845
1139 845
709 845
1135 845
717 845
1130 845
712 845
1127 845
708 845
1132 845
710 845
1126 845
710 845
1124 845
710 845
1123 845
710 845
1119 845
705 845
1126 845
704 845
1120 845
707 845
1108 845
701 845
1117 845
695 845
1124 845
694 845
1123 845
698 845
1120 845
699 845
1121 845
697 845
1127 845
704 845
1111 845
714 845
1113 845
697 845
1127 845
697 845
1121 845
699 845
1114 845
695 845
1128 845
694 845
1127 845
619 845
1083 845
612 845
1199 845
658 845
1151 845
658 845
1642 845
661 845
1140 845
671 845
1133 845
679 845
1100 845
679 845
1086 845
681 845
1093 845
678 845
1110 845
688 845
1113 845
688 845
1101 845
720 845
1133 845
714 845
1138 845
717 845
1139 845
712 845
1139 845
709 845
1135 845
717 845
1130 845
712 845
1127 845
708 845
1132 845
710 845
1126 845
710 845
1124 845
710 845
1123 845
710 845
1119 845
705 845
1126 845
704 845
1120 845
707 845
1108 845
701 845
1117 845
695 845
1124 845
694 845
1123 845
698 845
1120 845
699 845
1121 845
697 845
1127 845
704 845
1111 845
714 845
1113 845
697 845
1127 845
697 845
1121 845
699 845
1114 845
695 845
1128 845
694 845
1127 845
619 845
1083 845
612 845
1199 845
658 845
1151 845
658 845
1642 845
661 845
1140 845
671 845
1133 845
679 845
1100 845
679 845
1086 845
681 845
1093 845
678 845
1110 845
688 845
1113 845
688 845
1101 845
720 845
1133 845
714 845
1138 845
717 845
1139 845
712 845
1139 845
709 845
1135 845
717 845
1130 845
712 845
1127 845
708 845
1132 845
710 845
1126 845
710 845
1124 845
710 845
1123 845
710 845
1119 845
705 845
1126 845
704 845
1120 845
707 845
1108 845
701 845
1117 845
695 845
1124 845
694 845
1123 845
698 845
1120 845
699 845
1121 845
697 845
1127 845
704 845
1111 845
714 845
1113 845
697 845
1127 845
697 845
1121 845
699 845
1114 845
695 845
1128 845
694 845
1127 845
619 845
1083 845
612 845
1199 845
658 845
1151 845
658 845
1642 845
661 845
1140 845
671 845
1133 845
679 845
1100 845
679 845
1086 845
681 845
1093 845
678 845
1110 845
688 845
1113 845
688 845
1101 845
720 845
1133 845
714 845
1138 845
717 845
1139 845
712 845
1139 845
709 845
1135 845
717 845
1130 845
712 845
1127 845
708 845
1132 845
710 845
1126 845
710 845
1124 845
710 845
1123 845
710 845
1119 845
705 845
1126 845
704 845
1120 845
707 845
1108 845
701 845
1117 845
695 845
1124 845
694 845
1123 845
698 845
1120 845
699 845
1121 845
697 845
1127 845
704 845
1111 845
714 845
1113 845
697 845
1127 845
697 845
1121 845
699 845
1114 845
695 845
1128 845
694 845
1127 845
619 845
1083 845
612 845
1199 845
658 845
1151 845
658 845
1642 845
661 845
1140 845
671 845
1133 845
679 845
1100 845
679 845
1086 845
681 845
1093 845
678 845
1110 845
688 845
1113 845
688 845
1101 845
720 845
1133 845
714 845
1138 845
717 845
1139 845
712 845
1139 845
709 845
1135 845
717 845
1130 845
712 845
1127 845
708 845
1132 845
710 845
1126 845
710 845
1124 845
710 845
1123 845
710 845
1119 845
705 845
1126 845
704 845
1120 845
707 845
1108 845
701 845
1117 845
695 845
1124 845
694 845
1123 845
698 845
1120 845
699 845
1121 845
697 845
1127 845
704 845
1111 845
714 845
1113 845
697 845
1127 845
697 845
1121 845
699 845
1114 845
695 845
1128 845
694 845
1127 845
619 845
1083 845
612 845
1199 845
658 845
1151 845
658 845
1642 845
661 845
1140 845
671 845
1133 845
679 845
1100 845
679 845
1086 845
681 845
1093 845
678 845
1110 845
688 845
1113 845
688 845
1101 845
